Last login: Thu Apr  7 16:02:29 on ttys000
(base) anseljackbobo@AnselsMcBookMax ~ % conda activate numpy3
(numpy3) anseljackbobo@AnselsMcBookMax ~ % cd Developer/Router
(numpy3) anseljackbobo@AnselsMcBookMax Router % python3 findroutefinal.py 
--------find_lat_lng is succesful--------
--------find_lat_lng success
--------google map data is ready--------
--------create_date_for_google_map success
0
1647
1266
1322
1760
1143
862
2169
1018
8761
8281
8138
7807
10499
10128
12374
8800
7383
19878
19231
18263
17670
15978
15875
16959
16347
16118
22227
24718
24652
24555
23655
24220
23924
22818
24718
23525
25753
27723
26309
24099
24710
25724
24012
25777
31967
33809
30797
31083
32533
31429
30428
30711
31990
4898
1681
0
2685
764
172
1472
1568
427
2437
8460
7980
7134
6803
10851
8501
11233
7173
6379
18279
17633
16664
16072
14379
14276
15360
14749
14519
20628
23120
23054
22956
22056
22621
22325
21219
23120
22384
24612
26582
25168
22957
23568
24583
22871
24636
30369
32210
29198
29484
30935
29830
28830
29112
30391
3271
1266
2685
0
2360
2797
2180
1899
3206
482
9331
8851
8708
8377
11069
10698
13411
9370
7953
20915
20269
19301
18708
17015
16912
17996
17385
17155
23264
25756
25690
25592
24692
25257
24961
23855
25756
27627
29855
31825
30411
28200
28812
29826
28114
29879
33005
34846
31834
32120
33571
32466
31466
31748
33027
5468
1356
1206
2360
0
1354
1311
1392
1292
2111
9181
8701
7855
7524
11115
9343
11497
8016
7100
19001
18354
17386
16793
15101
14997
16082
15470
15241
21350
23841
23775
23678
22778
23342
23047
21941
23841
22648
24876
26846
25432
23221
23833
24847
23135
24900
31090
32932
29920
30206
31656
30552
29551
29834
31113
4113
1793
172
2797
876
0
829
925
382
2897
8628
8148
6892
6561
8827
8457
11381
7129
5968
18610
17964
16995
16403
14710
14607
15691
15080
14850
20959
23451
23384
23287
22387
22952
22656
21550
23451
22532
24760
26730
25316
23105
23717
24731
23019
24784
30699
32541
29529
29815
31266
30161
29161
29443
30722
3227
1051
1012
2207
1385
837
0
281
880
1959
9091
8611
7354
7023
9290
8919
12921
7592
6430
18839
18192
17224
16631
14939
14835
15919
15308
15079
21188
23679
23613
23516
22616
23180
22885
21779
23679
25799
28027
29997
28583
26372
26984
27998
26286
28051
30928
32770
29758
30044
31494
30390
29389
29672
30951
3690
895
1108
1899
1392
934
281
0
976
1651
9187
8707
7450
7119
9386
9015
13017
7688
6526
18935
18289
17320
16728
15035
14932
16016
15405
15175
21284
23776
23709
23612
22712
23277
22981
21875
23776
25895
28124
30093
28680
26469
27080
28095
26382
28147
31024
32866
29854
30140
31590
30486
29485
29768
31047
3786
2465
427
2898
1050
248
1180
1276
0
2650
8381
7901
6644
6313
8580
8209
11318
6882
5720
18547
17901
16933
16340
14647
14544
15628
15017
14787
20897
23388
23322
23225
22325
22889
22593
21487
23388
22469
24698
26667
25254
23043
23654
24669
22956
24722
30637
32478
29466
29752
31203
30098
29098
29381
30660
2980
992
2410
482
2086
2523
1906
1625
2932
0
16076
15596
8901
8570
16581
10891
16962
9564
8146
20641
19995
19026
18434
16741
16638
17722
17111
16881
22990
25482
25415
25318
24418
24983
24687
23581
25482
27186
29414
31384
29970
27759
28370
29385
27673
29438
32730
34572
31560
31846
33297
32192
31192
31474
32753
5661
10192
8557
10625
10685
8513
8907
9004
8265
10377
0
900
952
1828
7604
6717
15005
8056
3394
15437
12419
13822
13230
11537
11434
12518
11907
11677
17786
20278
20212
20114
19214
19779
19483
18377
20278
27884
30112
32082
30668
28457
29068
30083
28371
30136
27527
29368
26356
26642
28093
26988
25988
26270
27549
6019
9706
8071
10138
10199
8027
8421
8517
7779
9890
906
0
1352
1401
7179
6291
14519
6877
2966
14951
12653
13336
12743
11051
10948
12032
11420
11191
17300
19791
19725
19628
18728
19293
18997
17891
19791
27398
29626
31595
30182
27971
28582
29597
27885
29650
27040
28882
25870
26156
27606
26502
25501
25784
27063
5533
8268
6909
8715
7851
6865
7260
7356
6618
8467
952
1159
0
331
6718
5830
7917
6416
2505
16614
12670
14999
14407
12714
12611
13695
13084
12854
18963
21455
21388
21291
20391
20956
20660
19554
21455
28951
31180
33149
31736
29525
30136
31151
29438
31204
28703
30545
27533
27819
29270
28165
27165
27447
28726
4300
7937
6578
8383
7520
6534
6928
7024
6286
8135
1814
1401
331
0
6386
5498
7585
6084
2173
16282
13875
14668
14075
12382
12279
13363
12752
12522
18632
21123
21057
20960
20060
20624
20328
19223
21123
28620
30848
32818
31404
29193
29804
30819
29107
30872
28372
30213
27201
27487
28938
27833
26833
27116
28395
3969
10469
8834
10901
9656
8790
9184
9280
8542
10653
7594
7228
6766
6435
0
888
1199
4463
4751
20777
12930
17782
18106
17363
17694
16754
16224
17782
24794
28511
27230
27133
26233
26798
26502
25385
28511
32325
29100
27884
23531
26751
27362
29071
26665
28567
34157
38962
30306
30592
33155
30938
29938
30220
32612
5600
10178
8543
10611
9365
8499
8894
8990
8252
10363
6706
6340
5878
5547
888
0
2087
3724
3863
20789
12942
17794
18118
16475
17707
16767
16237
17795
24806
28524
27243
27146
26246
26810
26514
25397
28524
32543
29317
28101
23749
26968
27580
29288
26882
28785
34169
38975
30319
30605
33168
30950
29950
30233
32624
5310
10858
9223
11290
13642
9179
9573
9669
8931
11042
8833
9215
7965
7634
1199
2087
0
4336
5950
22393
12887
19398
19722
20662
19310
18371
16181
19398
26410
30127
28847
28749
27849
28414
28118
27001
30127
31104
27879
26663
22310
25530
26141
27850
25444
27346
35773
40579
31922
32208
34771
32554
31554
31837
34228
5989
8821
7186
9254
8009
7142
7537
7633
6895
9006
7346
6932
6470
6139
4210
3812
4172
0
4158
23723
17585
22108
21515
19823
19719
21396
20192
19963
26072
28563
28497
28400
27500
28065
27769
26663
28563
26728
29252
28036
23684
27302
27913
29223
27215
28719
35812
37654
34642
34928
36378
35274
34273
34556
35835
3953
7385
5814
7882
6636
5770
6165
6261
5523
7634
3384
2971
2509
2177
4729
3841
5928
4107
0
17005
16358
15390
14798
13105
13002
14086
13475
13245
19354
21845
21779
21682
20782
21347
21051
19945
21845
25356
27584
29554
28140
25929
26541
27555
25843
27608
29094
30936
27924
28210
29660
28556
27555
27838
29117
2581
20231
19136
20769
20299
18657
19052
19148
18410
20521
14441
13961
15515
15184
20979
20192
20956
23647
16867
0
7627
1839
4089
5673
5157
3574
7029
4513
3706
7424
6143
6046
5146
5710
5414
4297
7424
40276
42504
44474
43060
40849
41461
42475
40763
42528
12897
14739
11727
12013
13463
12359
11358
11641
12920
19744
19310
18216
19849
19378
17737
18131
18228
17489
19601
13520
13040
14594
14263
13397
13615
13374
14224
15946
7947
0
6187
5748
6158
4533
4348
4717
5004
11059
14776
13495
13398
12498
13063
12767
11650
14776
39356
39992
38776
34424
39929
40540
39963
39843
39460
20250
22091
19079
19365
20816
19711
18711
18993
20272
18824
18605
17510
19143
18672
17031
17425
17522
16783
18895
12814
12334
13888
13557
18033
18251
18010
22020
15240
1839
5787
0
2608
3640
3524
1735
4114
2763
5546
9263
7982
7885
6985
7550
7254
6137
9263
38650
40878
42847
41434
39223
39834
40849
39137
40902
15491
17333
14321
14607
16057
14953
13952
14235
15514
18118
17546
16451
18084
17614
15972
16367
16463
15725
17836
11756
11276
12829
12498
18378
17506
18354
20961
14181
4447
5680
2607
0
2004
1888
1251
2942
1235
6401
8892
8826
8729
7829
8394
8098
6992
8892
37591
39819
41789
40375
38164
38775
39790
38078
39843
16141
17983
14971
15257
16707
15603
14602
14885
16164
17059
16681
15586
17219
16749
15107
15502
15598
14860
16971
10891
10411
11964
11633
17529
16641
24213
20096
13316
5661
6236
3330
2446
0
1627
2007
3500
1360
8010
10501
10435
10338
9438
10002
9707
8601
10501
36726
38954
40924
39510
37299
37910
38925
37213
38978
17750
19592
16580
16866
18316
17211
16211
16494
17773
16194
16192
15098
16731
16260
14619
15013
15109
14371
16482
10402
9922
11476
11145
17955
16153
23724
19608
12828
5537
4611
3294
1999
1626
0
1559
1873
1254
7886
10377
10311
10214
9314
9879
9583
8477
10377
36237
38466
40435
39022
36811
37422
38437
36724
38490
17626
19468
16456
16742
18192
17088
16087
16370
17649
15706
17338
16243
17876
17406
15764
16158
16255
15517
17628
11547
11067
12621
12290
17274
17491
17251
20753
13973
3574
4425
1735
1251
2371
1559
0
2502
1028
7772
10263
10197
10099
9199
9764
9468
8362
10263
37383
39611
41580
40167
37956
38567
39582
37870
39635
17512
19353
16341
16627
18078
16973
15973
16255
17534
16851
14594
13499
15132
14662
13020
13415
13511
12773
14884
8804
8324
9877
9546
15442
14554
22126
18009
11229
5963
4794
4123
2942
3499
1873
2502
0
2346
9759
12250
12184
12087
11187
11751
11456
10350
12250
34639
36867
38837
37423
35212
35823
36838
35126
36891
19499
21341
18329
18615
20065
18960
17960
18243
19522
14107
16396
15301
16934
16464
14822
15216
15313
14575
16686
10605
10125
11679
11348
18302
16356
23927
19811
13031
4602
5084
2763
1467
1724
1313
1028
2346
0
7125
9616
9550
9453
8553
9117
8821
7715
9616
36441
38669
40639
39225
37014
37625
38640
36928
38693
16865
18706
15694
15980
17431
16326
15326
15608
16888
15909
23891
22797
24429
23959
22317
22712
22808
22070
24181
18101
17621
19175
18844
25505
25722
25481
27307
20527
4402
11609
7005
7765
9333
8817
8522
10689
8189
0
2867
3622
3525
2541
1404
2181
1755
2867
43936
46164
50884
46531
44509
45121
46135
44423
46188
12690
14531
11519
11805
9107
12151
11151
11433
12713
23404
26236
25142
26774
26304
24663
25057
25153
24415
26526
20446
19966
21520
21189
27850
28067
27827
29652
22872
6747
13954
9350
10110
11678
11162
10867
13034
10535
2721
0
2618
2520
2165
1567
2235
3150
0
46281
48510
53229
48876
46855
47466
48480
46768
48533
10192
10900
12189
9558
9876
9344
11820
12103
9761
25750
26407
25313
26946
26475
24834
25228
25324
24586
26698
20617
20137
21691
21360
28021
28238
27998
29823
23043
6189
14125
8029
10282
7321
11333
11039
13206
10706
3601
2597
0
146
1090
3119
2319
2707
2597
46452
48681
53400
49048
47026
47637
48652
46940
48705
11744
12452
14036
14322
11427
14668
13667
13950
15229
25921
27537
26443
28076
27605
25964
26358
26455
25716
27828
21747
21267
22821
22490
29151
29368
29128
30953
24173
7319
15255
9159
11412
8451
12463
12169
14336
11836
4517
3512
97
0
2005
4034
3234
3622
3512
47583
49811
54530
50178
48156
48767
49782
48070
49835
12659
13367
15166
15452
12342
15798
14797
15080
12228
27051
25392
24298
25931
25460
23819
24213
24310
23571
25683
19602
19122
20676
20345
27006
27223
26983
28808
22028
5219
13110
7058
9267
7185
10318
10024
12191
9691
2541
2165
1111
1013
0
2195
1258
1647
2165
45437
47666
52385
48033
46011
46622
47637
45925
47690
14191
11331
13021
13307
10307
13653
12652
12935
14214
24906
25875
24780
26413
25943
24301
24695
24792
24053
26165
20084
19604
21158
20827
27488
27705
27465
29290
22510
6385
13592
8988
9749
11316
10800
10506
12673
10173
1404
1713
3139
3042
2195
0
1835
1582
1713
45920
48148
52867
48515
46493
47104
48119
46407
48172
8810
9518
10622
10908
8494
7962
10253
10536
8379
25388
25357
24263
25895
25425
23784
24178
24274
23536
25647
19567
19087
20641
20310
26971
27188
26948
28773
21993
5868
13075
8471
9231
10799
10283
9988
12156
9656
1959
2028
2132
2035
1051
1614
0
1065
2028
45402
47631
52350
47998
45976
46587
47602
45889
47654
10042
10750
12986
13272
9725
13617
12617
12900
9611
24871
24332
23238
24870
24400
22759
23153
23249
22511
24622
18542
18062
19616
19285
25946
26163
25923
27748
20968
4843
12050
7446
8206
9774
9258
8963
11130
8631
2117
3296
2728
2631
1647
1582
1287
0
3296
44377
46605
51325
46972
44951
45562
46576
44864
46629
13131
14972
11960
12247
9694
12592
11592
11875
13154
23846
26236
25142
26774
26304
24663
25057
25153
24415
26526
20446
19966
21520
21189
27850
28067
27827
29652
22872
6747
13954
9350
10110
11678
11162
10867
13034
10535
2721
0
2618
2520
2165
1567
2235
3150
0
46281
48510
53229
48876
46855
47466
48480
46768
48533
10192
10900
12189
9558
9876
9344
11820
12103
9761
25750
23395
22301
28321
22543
22449
23432
23528
22386
27880
28722
28242
29796
29465
32012
32229
30184
29248
26261
41156
42639
39541
38948
37256
37152
38236
37625
37395
43505
45996
45930
45833
44933
45497
45202
44096
45996
0
3049
4976
3668
1233
2005
3020
971
2916
53245
55087
52075
52361
53811
52706
51706
51989
53268
23520
25580
24486
30506
24728
24634
25616
25713
24571
30065
30907
30427
31981
31650
28729
28947
26902
28156
28446
43340
39357
41726
41133
39440
39337
43168
39810
39580
45690
48181
48115
48018
47118
47682
47386
46280
48181
3172
0
2439
1131
2257
2868
75
2749
734
55430
57271
54259
54545
55996
54891
53891
54173
55453
25705
27436
26342
32362
26584
26490
27473
27569
26427
31921
32763
32283
33837
33506
26609
26826
24781
26036
30331
45070
37236
42075
42399
41297
41193
41047
40530
42075
49087
52804
51523
51426
50526
51091
50795
49678
52804
5029
2486
0
1937
4113
4724
2674
4606
2590
57286
63255
54599
54885
57448
55231
54231
54513
56905
27561
26206
25111
31132
25353
25259
26242
26338
25197
30690
31532
31052
32606
32275
23487
23705
21660
22914
29071
43966
34114
38953
39277
40066
39963
37926
37409
40206
45965
49682
48402
48304
47404
47969
47673
46556
49682
3739
1197
1867
0
2824
3435
1384
3270
1476
56055
60134
54885
55171
56621
55517
54516
54799
56078
26331
23802
22707
28727
22949
22855
23838
23934
22793
28286
29128
28648
30202
29871
26533
26751
24706
29654
26667
41562
37161
39947
39354
37662
37558
38643
38031
37802
43911
46402
46336
46239
45339
45904
45608
44502
46402
1233
2133
4061
2752
0
767
2104
810
2001
53651
55493
52481
52767
54217
53113
52112
52395
53674
23927
24413
23318
29339
23560
23466
24449
24545
23404
28897
29739
29259
30813
30482
27145
27362
25317
30265
27278
42173
37772
40558
39965
38273
38170
39254
38643
38413
44522
47013
46947
46850
45950
46515
46219
45113
47013
2005
2744
4672
3363
767
0
2715
1428
2612
54262
56104
53092
53378
54828
53724
52723
53006
54285
24538
25415
24321
30341
24563
24469
25451
25548
24406
29900
30742
30262
31816
31485
28440
28657
26612
27867
28281
43175
39067
41561
40968
39275
39172
42878
39645
39415
45525
48016
47950
47853
46953
47517
47221
46115
48016
3007
75
2527
1219
2092
2703
0
2584
569
55265
57106
54094
54380
55831
54726
53726
54009
55288
25540
23676
22582
28602
22824
22730
23712
23809
22667
28161
29003
28523
30077
29746
26408
26625
24580
29528
26542
41436
37035
39822
39229
37536
37433
38517
37906
37676
43786
46277
46211
46113
45213
45778
45482
44376
46277
971
2472
4399
3091
817
1428
2443
0
2222
53526
55367
52355
52641
54092
52987
51987
52269
53549
23801
25293
24199
30219
24441
24347
25329
25426
24284
29778
30620
30140
31694
31363
27889
28106
26061
27315
28159
43053
38516
43355
40846
39153
39050
42327
39523
39293
45403
47894
52803
52706
51806
52370
52075
45993
47894
2905
598
2496
1187
1990
2601
569
2482
0
55143
56984
53972
54258
55709
54604
53604
53887
55166
25418
34000
32905
34538
34068
32426
32821
32917
32179
34290
28210
27730
29284
28953
32947
33164
32924
37416
30636
14512
23535
17114
17874
19442
18926
18631
20798
18298
9386
9721
11764
11667
10622
8809
10262
10008
9721
54045
56273
58243
56829
54618
55230
56244
54532
56297
0
2769
3135
2264
562
2051
2845
2837
478
33513
34723
33628
35261
34791
33149
33544
33640
32902
35013
28933
28453
30006
29675
39219
39436
39196
38138
31358
15234
24257
17836
18597
20165
19648
19354
21521
19021
10150
10485
12528
12431
11386
9573
11026
10773
10485
54768
56996
58966
57552
55341
55952
56967
55255
57020
2825
0
3858
3271
2274
3089
4052
3560
2818
34236
31492
30397
32030
31560
29918
30313
30409
29671
31782
25702
25222
26776
26444
30439
30656
30416
34908
28128
12004
21026
14605
15366
16934
16418
16123
18290
15790
12249
12586
14685
14588
13688
11237
13957
12839
12586
51537
53765
55735
54321
52110
52722
53736
52024
53789
3135
3639
0
983
3476
1287
1311
782
2933
31005
31778
30684
32316
31846
30204
30599
30695
29957
32068
25988
25508
27062
26731
30725
30942
30702
35194
28414
12290
21313
14892
15652
17220
16704
16409
18576
16076
12535
9086
14971
14874
13974
8174
14243
13126
9086
51823
54051
56021
54607
52396
53008
54022
52310
54075
2264
3052
1022
0
2889
305
984
455
2346
31291
34341
33247
34879
34409
32768
33162
33258
32520
34631
28551
28071
29625
29294
33288
33505
33265
37757
30977
14853
23876
17455
18215
19783
19267
18972
21139
18640
9070
9405
11448
11351
10305
8493
9945
9692
9405
54386
56614
58584
57170
54960
55571
56585
54873
56638
562
2218
3476
2831
0
2707
3671
3178
543
33854
32124
31029
32662
32192
30550
30945
31041
30303
32414
26334
25854
27407
27076
31071
31288
31048
35539
28759
12635
21658
15237
15998
17566
17049
16755
18922
16422
12880
9003
15317
15220
14320
8091
9543
9290
9003
52169
54397
56367
54953
52742
53353
54368
52656
54421
2181
2870
1287
305
2707
0
1289
760
2164
31637
31167
30072
31705
31235
29593
29988
30084
29346
31457
25377
24897
26450
26119
30114
30331
30091
34582
27803
11679
20701
14280
15041
16609
16092
15798
17965
15465
11924
12261
14360
14263
13363
10912
13632
12514
12261
51212
53440
55410
53996
51785
52397
53411
51699
53464
3330
3834
1274
983
3671
1453
0
618
3127
30680
31538
30443
32076
31606
29964
30359
30455
29717
31828
25747
25268
26821
26490
30485
30702
30461
34953
28173
12049
21072
14651
15412
16980
16463
16169
18336
15836
12294
9463
14731
14634
13734
11283
14003
12885
9463
51583
53811
55781
54367
52156
52767
53782
52070
53835
2837
3341
782
456
3178
761
618
0
2635
31051
33798
32703
34336
33866
32224
32619
32715
31977
34088
28008
27528
29081
28750
32745
32962
32722
37213
30433
14309
23332
16911
17672
19240
18723
18429
20596
18096
9613
9948
11991
11894
10849
9036
10489
10236
9948
53843
56071
58041
56627
54416
55027
56042
54330
56095
478
2433
2933
2287
543
2164
3127
2635
0
33311
4868
3233
5301
4055
3189
3584
3680
2942
5053
6874
6394
4482
4151
5600
5230
5980
3902
2740
19770
19123
18155
17562
15870
15766
16851
16239
16010
22119
24610
24544
24447
23547
24111
23816
22710
24610
22775
25003
26973
25559
23349
23960
24974
23262
25027
31859
33701
30689
30975
32425
31321
30320
30603
31882
0
--------google distance matrix is ready--------
--------find_distance_matrix success
The total distance of the Route is 164.174 km
<class 'list'>
Shortest Path Found
--------find_shortest_path finished--------
--------find_shortest_path success
--------visual_full_route finished--------
--------visual_full_route success
{location:"40.753805,-73.262773", stopover: true},{location:"40.762499,-73.242091", stopover: true},{location:"40.757722,-73.222719", stopover: true},{location:"40.75917,-73.220675", stopover: true},{location:"40.761438,-73.213124", stopover: true},{location:"40.757599,-73.212008", stopover: true},{location:"40.75149,-73.109407", stopover: true},{location:"40.760255,-73.109651", stopover: true},{location:"40.760223,-73.101673", stopover: true},{location:"40.782895,-72.948645", stopover: true},{location:"40.779748,-72.946334", stopover: true},{location:"40.78258,-72.941764", stopover: true},{location:"40.776474,-72.944977", stopover: true},{location:"40.774638,-72.946096", stopover: true},{location:"40.757944,-72.934189", stopover: true},{location:"40.759037,-72.948293", stopover: true},{location:"40.763906,-72.948829", stopover: true},{location:"40.762978,-72.950075", stopover: true},{location:"40.755896,-73.040668", stopover: true},{location:"40.751992,-73.034939", stopover: true},{location:"40.746215,-73.040969", stopover: true},{location:"40.738368,-73.040662", stopover: true},{location:"40.737672,-73.040034", stopover: true},{location:"40.748152,-73.022929", stopover: true},
-----------------------------------------
{location:"40.748152,-73.022929", stopover: true},{location:"40.758066,-73.030955", stopover: true},{location:"40.764478,-73.037521", stopover: true},{location:"40.770902,-73.068619", stopover: true},{location:"40.77048,-73.090446", stopover: true},{location:"40.76801,-73.108536", stopover: true},{location:"40.75956,-73.115518", stopover: true},{location:"40.756649,-73.128869", stopover: true},{location:"40.780397,-73.14201", stopover: true},{location:"40.779191,-73.271201", stopover: true},{location:"40.792865,-73.247154", stopover: true},{location:"40.797541,-73.251704", stopover: true},{location:"40.802537,-73.25931", stopover: true},{location:"40.759234,-73.482446", stopover: true},{location:"40.766091,-73.499887", stopover: true},{location:"40.752649,-73.486563", stopover: true},{location:"40.751973,-73.486628", stopover: true},{location:"40.752536,-73.480586", stopover: true},{location:"40.741314,-73.486012", stopover: true},{location:"40.737944,-73.483159", stopover: true},{location:"40.734832,-73.47807", stopover: true},{location:"40.7308,-73.481184", stopover: true},
-----------------------------------------
{location:"40.726239,-73.271211", stopover: true},{location:"40.710915,-73.255459", stopover: true},{location:"40.71269,-73.259093", stopover: true},{location:"40.717813,-73.26572", stopover: true},{location:"40.722121,-73.261863", stopover: true},{location:"40.723044,-73.261396", stopover: true},{location:"40.728523,-73.264099", stopover: true},{location:"40.729096,-73.265498", stopover: true},{location:"40.72976,-73.263308", stopover: true},{location:"40.753805,-73.262773", stopover: true},
-----------------------------------------
--------print_out_waypoints finished--------
--------visual_full_route success
(numpy3) anseljackbobo@AnselsMcBookMax Router % 
